yaw: 344.26703
name: CocaineCity
pitch: 10.288146
z: -1019
world: thisistheone
y: 66
x: 280
