yaw: 3.5520935
name: SkyTown
pitch: 2.69983
z: 8
world: thisistheone
y: 118
x: 404
