yaw: 179.61736
name: TeringGroteMoeite
pitch: -1.2113125
z: -844
world: thisistheone
y: 65
x: 280
