skytowncity:
    yaw: -0.34814453
    pitch: 21.599861
    z: -36.58030576877824
    y: 118.0
    world: thisistheone
    x: 393.2115757508117
