Grootemoeite:696.594900860131:74.0:-897.5533653507056
LineOfCoke:279.30000001192093:73.62114059548087:-826.8820780958413
Squirrel_Council:703.3000000119209:70.0:-905.957816171868
PlasticHead:419.95739760369196:76.0:-4.20156077565604
Krysik:272.30000001192093:54.0:-966.2505221558738
