home: [592.7817195748202, 63.0, -966.5885254209578, -274.1748046875, -16.499971389770508,
  thisistheone]
money: 0.0
